sp|Q9FT81|TT8_ARATH	Gelse_mpi.v2.5_MPIG003320.1	69.856	209	61	2	12	218	50	258	7.91e-102	322
sp|Q9FT81|TT8_ARATH	Gelse_mpi.v2.5_MPIG003320.1	36.181	398	133	14	234	512	343	738	1.94e-49	181
sp|Q9FT81|TT8_ARATH	Gelse_mpi.v2.7_MPIG010170.2	47.642	212	105	3	10	219	6	213	2.88e-61	211
sp|Q9FT81|TT8_ARATH	Gelse_mpi.v2.7_MPIG010170.2	28.834	326	168	11	242	512	310	626	5.57e-30	123
sp|Q9FT81|TT8_ARATH	Gelse_mpi.v2.4_MPIG000480.1	27.451	510	264	16	4	483	7	440	1.35e-44	163
sp|Q9FT81|TT8_ARATH	Gelse_mpi.v2.7_MPIG016480.3	32.812	192	114	5	17	201	92	275	1.32e-24	107
sp|Q9FT81|TT8_ARATH	Gelse_mpi.v2.7_MPIG016480.3	57.895	57	24	0	360	416	511	567	2.30e-14	75.5
sp|Q9FT81|TT8_ARATH	Gelse_mpi.v2.7_MPIG000540.1	23.810	420	193	13	9	417	2	305	1.08e-21	97.1
sp|Q9FT81|TT8_ARATH	Gelse_mpi.v2.5_MPIG004670.3	31.683	202	119	7	20	210	48	241	1.86e-21	97.1
sp|Q9FT81|TT8_ARATH	Gelse_mpi.v2.5_MPIG004670.3	36.937	111	55	2	354	453	324	430	9.08e-15	76.3
sp|Q9FT81|TT8_ARATH	Gelse_mpi.v2.4_MPIG000860.2	34.066	182	96	5	33	201	70	240	3.82e-21	96.7
sp|Q9FT81|TT8_ARATH	Gelse_mpi.v2.4_MPIG000860.2	55.172	58	26	0	360	417	436	493	1.70e-14	75.9
sp|Q9FT81|TT8_ARATH	Gelse_mpi.v2.5_MPIG033850.1	34.000	150	70	3	355	481	210	353	7.72e-20	91.3
sp|Q9FT81|TT8_ARATH	Gelse_mpi.v2.3_MPIG023840.1	32.804	189	107	6	17	198	431	606	8.03e-20	92.8
sp|Q9FT81|TT8_ARATH	Gelse_mpi.v2.4_MPIG007830.1	31.429	140	77	1	355	475	168	307	1.38e-18	87.0
sp|Q9FT81|TT8_ARATH	Gelse_mpi.v2.4_MPIG007770.1	30.282	142	80	1	355	477	246	387	8.26e-17	82.4
sp|Q9FT81|TT8_ARATH	Gelse_mpi.v2.4_MPIG026040.2	36.585	123	48	2	364	460	170	288	1.73e-15	77.4
sp|Q9FT81|TT8_ARATH	Gelse_mpi.v2.5_MPIG004700.1	56.140	57	25	0	360	416	73	129	5.00e-15	73.2
sp|Q9FT81|TT8_ARATH	Gelse_mpi.v2.1_MPIG047420.3	31.579	133	69	2	354	464	153	285	1.08e-14	75.1
sp|Q9FT81|TT8_ARATH	Gelse_mpi.v2.4_MPIG007760.1	30.464	151	79	3	355	481	168	316	1.14e-14	75.1
sp|Q9FT81|TT8_ARATH	Gelse_mpi.v2.1_MPIG036620.1	32.571	175	88	6	364	508	161	335	1.38e-13	71.6
sp|Q9FT81|TT8_ARATH	Gelse_mpi.v2.5_MPIG032950.1	31.646	158	73	5	348	473	337	491	5.24e-13	70.9
sp|Q9FT81|TT8_ARATH	Gelse_mpi.v2.4_MPIG031650.1	37.634	93	55	1	364	456	344	433	1.00e-12	70.1
sp|Q9FT81|TT8_ARATH	Gelse_mpi.v2.4_MPIG031650.1	27.778	72	45	1	124	195	86	150	3.8	30.0
sp|Q9FT81|TT8_ARATH	Gelse_mpi.v2.4_MPIG007820.6	25.434	173	86	3	351	480	278	450	2.58e-12	68.6
sp|Q9FT81|TT8_ARATH	Gelse_mpi.v2.5_MPIG007470.1	20.638	533	314	16	24	515	11	475	5.73e-12	67.4
sp|Q9FT81|TT8_ARATH	Gelse_mpi.v2.1_MPIG047410.5	25.366	205	118	6	325	498	29	229	2.65e-11	63.9
sp|Q9FT81|TT8_ARATH	Gelse_mpi.v2.2_MPIG037460.1	30.488	164	68	5	353	473	377	537	2.87e-11	65.5
sp|Q9FT81|TT8_ARATH	Gelse_mpi.v2.2_MPIG016840.1	52.830	53	25	0	364	416	126	178	2.56e-10	61.6
sp|Q9FT81|TT8_ARATH	Gelse_mpi.v2.4_MPIG019250.1	27.586	145	70	1	364	473	297	441	9.77e-10	60.5
sp|Q9FT81|TT8_ARATH	Gelse_mpi.v2.5_MPIG015020.1	46.154	52	28	0	365	416	123	174	1.32e-09	59.3
sp|Q9FT81|TT8_ARATH	Gelse_mpi.v2.8_MPIG002950.3	30.216	139	68	6	364	473	51	189	1.59e-09	58.2
sp|Q9FT81|TT8_ARATH	Gelse_mpi.v2.1_MPIG031650.1	26.667	150	89	4	349	480	29	175	1.61e-09	57.8
sp|Q9FT81|TT8_ARATH	Gelse_mpi.v2.8_MPIG020540.6	51.923	52	25	0	364	415	348	399	5.28e-09	58.2
sp|Q9FT81|TT8_ARATH	Gelse_mpi.v2.2_MPIG008060.1	30.814	172	105	4	352	510	156	326	7.31e-09	57.0
sp|Q9FT81|TT8_ARATH	Gelse_mpi.v2.4_MPIG000210.1	25.000	192	100	8	362	512	200	388	3.36e-08	55.5
sp|Q9FT81|TT8_ARATH	Gelse_mpi.v2.1_MPIG002420.1	36.667	60	36	1	359	416	113	172	1.44e-07	53.1
sp|Q9FT81|TT8_ARATH	Gelse_mpi.v2.1_MPIG033570.1	34.091	88	49	2	338	416	91	178	2.02e-07	51.6
sp|Q9FT81|TT8_ARATH	Gelse_mpi.v2.2_MPIG005760.1	30.137	146	89	4	284	416	72	217	2.94e-07	51.6
sp|Q9FT81|TT8_ARATH	Gelse_mpi.v2.2_MPIG017100.1	32.955	88	50	2	338	416	86	173	7.00e-07	50.1
sp|Q9FT81|TT8_ARATH	Gelse_mpi.v2.2_MPIG033840.3	37.931	58	36	0	356	413	248	305	1.22e-06	50.4
sp|Q9FT81|TT8_ARATH	Gelse_mpi.v2.8_MPIG007080.2	30.631	111	66	3	314	415	36	144	1.23e-06	50.1
sp|Q9FT81|TT8_ARATH	Gelse_mpi.v2.1_MPIG007470.5	39.623	53	32	0	363	415	239	291	1.83e-06	50.1
sp|Q9FT81|TT8_ARATH	Gelse_mpi.v2.3_MPIG028200.1	36.842	57	34	1	362	416	1	57	1.96e-06	48.1
sp|Q9FT81|TT8_ARATH	Gelse_mpi.v2.3_MPIG029180.1	27.972	143	95	3	350	484	54	196	2.29e-06	48.5
sp|Q9FT81|TT8_ARATH	Gelse_mpi.v2.4_MPIG008960.2	32.895	76	44	2	362	435	102	172	2.41e-06	49.3
sp|Q9FT81|TT8_ARATH	Gelse_mpi.v2.3_MPIG022410.5	21.244	193	110	5	362	512	213	405	4.02e-06	48.9
sp|Q9FT81|TT8_ARATH	Gelse_mpi.v2.1_MPIG047430.1	42.373	59	31	2	358	415	118	174	4.51e-06	48.1
sp|Q9FT81|TT8_ARATH	Gelse_mpi.v2.2_MPIG009580.1	29.333	75	51	1	357	429	117	191	7.56e-06	47.8
sp|Q9FT81|TT8_ARATH	Gelse_mpi.v2.1_MPIG039360.1	41.509	53	31	0	363	415	53	105	7.59e-06	47.0
sp|Q9FT81|TT8_ARATH	Gelse_mpi.v2.7_MPIG016580.1	33.898	59	37	1	360	416	109	167	8.46e-06	47.8
sp|Q9FT81|TT8_ARATH	Gelse_mpi.v2.2_MPIG005920.1	38.462	52	32	0	364	415	149	200	1.16e-05	47.0
sp|Q9FT81|TT8_ARATH	Gelse_mpi.v2.8_MPIG001690.1	42.553	47	27	0	366	412	72	118	1.44e-05	45.4
sp|Q9FT81|TT8_ARATH	Gelse_mpi.v2.5_MPIG005960.1	40.000	50	30	0	364	413	320	369	1.47e-05	47.4
sp|Q9FT81|TT8_ARATH	Gelse_mpi.v2.1_MPIG038760.1	32.857	70	43	2	349	416	101	168	1.48e-05	46.6
sp|Q9FT81|TT8_ARATH	Gelse_mpi.v2.4_MPIG005570.1	40.000	50	30	0	364	413	453	502	1.53e-05	47.4
sp|Q9FT81|TT8_ARATH	Gelse_mpi.v2.5_MPIG028970.5	40.351	57	33	1	364	419	48	104	1.77e-05	46.6
sp|Q9FT81|TT8_ARATH	Gelse_mpi.v2.4_MPIG021490.5	38.000	50	31	0	364	413	297	346	1.95e-05	47.0
sp|Q9FT81|TT8_ARATH	Gelse_mpi.v2.8_MPIG016340.1	42.308	52	30	0	364	415	249	300	3.31e-05	46.2
sp|Q9FT81|TT8_ARATH	Gelse_mpi.v2.8_MPIG007060.4	27.941	136	72	5	319	430	57	190	5.03e-05	45.1
sp|Q9FT81|TT8_ARATH	Gelse_mpi.v2.3_MPIG026180.2	38.462	52	32	0	364	415	151	202	5.93e-05	44.7
sp|Q9FT81|TT8_ARATH	Gelse_mpi.v2.1_MPIG020190.2	28.834	163	93	4	363	512	73	225	1.30e-04	43.5
sp|Q9FT81|TT8_ARATH	Gelse_mpi.v2.2_MPIG034820.1	36.842	57	35	1	364	419	299	355	1.49e-04	44.3
sp|Q9FT81|TT8_ARATH	Gelse_mpi.v2.1_MPIG047280.1	37.234	94	53	4	352	440	155	247	1.53e-04	43.5
sp|Q9FT81|TT8_ARATH	Gelse_mpi.v2.6_MPIG000910.1	39.130	46	28	0	364	409	630	675	2.87e-04	43.5
sp|Q9FT81|TT8_ARATH	Gelse_mpi.v2.1_MPIG045060.1	42.593	54	30	1	363	415	177	230	4.11e-04	42.4
sp|Q9FT81|TT8_ARATH	Gelse_mpi.v2.1_MPIG049070.5	41.463	41	24	0	364	404	159	199	4.28e-04	42.4
sp|Q9FT81|TT8_ARATH	Gelse_mpi.v2.5_MPIG028810.4	29.915	117	65	4	313	415	316	429	5.51e-04	42.4
sp|Q9FT81|TT8_ARATH	Gelse_mpi.v2.1_MPIG038730.1	31.579	57	37	1	362	416	112	168	7.71e-04	41.2
sp|Q9FT81|TT8_ARATH	Gelse_mpi.v2.2_MPIG031850.1	38.889	54	32	1	363	415	158	211	8.37e-04	41.2
sp|Q9FT81|TT8_ARATH	Gelse_mpi.v2.1_MPIG046990.1	32.759	58	39	0	358	415	225	282	0.001	41.2
sp|Q9FT81|TT8_ARATH	Gelse_mpi.v2.4_MPIG029830.3	40.741	54	31	1	363	415	263	316	0.001	41.2
sp|Q9FT81|TT8_ARATH	Gelse_mpi.v2.2_MPIG026460.1	42.593	54	30	1	363	415	150	203	0.001	41.2
sp|Q9FT81|TT8_ARATH	Gelse_mpi.v2.3_MPIG025880.2	22.222	153	104	4	364	513	82	222	0.001	40.4
sp|Q9FT81|TT8_ARATH	Gelse_mpi.v2.2_MPIG008680.1	36.735	49	31	0	364	412	56	104	0.001	40.8
sp|Q9FT81|TT8_ARATH	Gelse_mpi.v2.5_MPIG027100.1	41.176	51	29	1	363	412	164	214	0.001	40.4
sp|Q9FT81|TT8_ARATH	Gelse_mpi.v2.5_MPIG028120.1	25.610	164	103	2	363	512	138	296	0.002	40.4
sp|Q9FT81|TT8_ARATH	Gelse_mpi.v2.3_MPIG006700.4	22.026	227	116	10	23	225	4	193	0.002	40.8
sp|Q9FT81|TT8_ARATH	Gelse_mpi.v2.5_MPIG007090.1	40.741	54	31	1	363	415	375	428	0.002	40.4
sp|Q9FT81|TT8_ARATH	Gelse_mpi.v2.8_MPIG000880.9	27.206	136	93	4	370	504	8	138	0.003	38.5
sp|Q9FT81|TT8_ARATH	Gelse_mpi.v2.6_MPIG018910.2	22.460	187	100	4	24	194	23	180	0.003	39.7
sp|Q9FT81|TT8_ARATH	Gelse_mpi.v2.6_MPIG020660.1	31.250	80	44	3	355	425	65	142	0.004	39.7
sp|Q9FT81|TT8_ARATH	Gelse_mpi.v2.6_MPIG014050.1	50.000	52	26	0	363	414	62	113	0.004	38.9
sp|Q9FT81|TT8_ARATH	Gelse_mpi.v2.2_MPIG007570.8	38.889	54	32	1	363	415	266	319	0.004	39.3
sp|Q9FT81|TT8_ARATH	Gelse_mpi.v2.3_MPIG020440.1	38.889	54	32	1	363	415	366	419	0.005	39.3
sp|Q9FT81|TT8_ARATH	Gelse_mpi.v2.4_MPIG026780.1	36.170	47	30	0	369	415	300	346	0.005	38.9
sp|Q9FT81|TT8_ARATH	Gelse_mpi.v2.8_MPIG010280.1	31.507	73	45	3	344	416	186	253	0.006	38.9
sp|Q9FT81|TT8_ARATH	Gelse_mpi.v2.7_MPIG011450.1	30.159	63	41	1	364	423	81	143	0.007	38.1
sp|Q9FT81|TT8_ARATH	Gelse_mpi.v2.2_MPIG006830.1	30.882	68	46	1	348	415	254	320	0.010	38.1
sp|Q9FT81|TT8_ARATH	Gelse_mpi.v2.2_MPIG036130.1	40.741	54	31	1	363	415	163	216	0.010	37.7
sp|Q9FT81|TT8_ARATH	Gelse_mpi.v2.1_MPIG049140.1	32.258	93	54	2	333	416	114	206	0.010	37.7
sp|Q9FT81|TT8_ARATH	Gelse_mpi.v2.4_MPIG030910.2	37.736	53	32	1	368	419	58	110	0.012	37.7
sp|Q9FT81|TT8_ARATH	Gelse_mpi.v2.3_MPIG025190.1	36.066	61	37	1	363	421	86	146	0.012	37.4
sp|Q9FT81|TT8_ARATH	Gelse_mpi.v2.6_MPIG005920.1	31.818	44	30	0	437	480	33	76	0.019	34.7
sp|Q9FT81|TT8_ARATH	Gelse_mpi.v2.7_MPIG000810.3	29.630	81	42	3	135	201	74	153	0.021	37.4
sp|Q9FT81|TT8_ARATH	Gelse_mpi.v2.1_MPIG038750.1	29.577	71	45	2	349	416	93	161	0.026	36.6
sp|Q9FT81|TT8_ARATH	Gelse_mpi.v2.4_MPIG006700.1	29.032	62	44	0	366	427	171	232	0.032	36.2
sp|Q9FT81|TT8_ARATH	Gelse_mpi.v2.2_MPIG003390.1	26.667	75	48	1	371	445	312	379	0.049	36.2
sp|Q9FT81|TT8_ARATH	Gelse_mpi.v2.7_MPIG014350.1	27.419	62	45	0	366	427	145	206	0.070	35.0
sp|Q9FT81|TT8_ARATH	Gelse_mpi.v2.2_MPIG024540.1	27.419	62	45	0	366	427	145	206	0.070	35.0
sp|Q9FT81|TT8_ARATH	Gelse_mpi.v2.2_MPIG040900.1	28.302	53	38	0	367	419	194	246	0.082	35.0
sp|Q9FT81|TT8_ARATH	Gelse_mpi.v2.6_MPIG017780.1	27.419	62	45	0	366	427	184	245	0.082	35.0
sp|Q9FT81|TT8_ARATH	Gelse_mpi.v2.6_MPIG020370.2	28.788	66	47	0	354	419	333	398	0.097	35.0
sp|Q9FT81|TT8_ARATH	Gelse_mpi.v2.5_MPIG032250.1	21.675	203	99	7	33	201	29	205	0.11	34.7
sp|Q9FT81|TT8_ARATH	Gelse_mpi.v2.1_MPIG043860.1	30.263	76	42	3	352	416	94	169	0.12	34.7
sp|Q9FT81|TT8_ARATH	Gelse_mpi.v2.8_MPIG006580.1	30.435	115	60	3	364	470	72	174	0.12	34.3
sp|Q9FT81|TT8_ARATH	Gelse_mpi.v2.8_MPIG022080.2	27.692	65	42	1	371	430	208	272	0.14	34.3
sp|Q9FT81|TT8_ARATH	Gelse_mpi.v2.1_MPIG031410.6	33.846	65	41	2	363	425	32	96	0.17	33.5
sp|Q9FT81|TT8_ARATH	Gelse_mpi.v2.3_MPIG001900.3	25.926	54	40	0	366	419	31	84	0.21	32.3
sp|Q9FT81|TT8_ARATH	Gelse_mpi.v2.5_MPIG004280.3	42.308	52	30	0	364	415	165	216	0.22	33.9
sp|Q9FT81|TT8_ARATH	Gelse_mpi.v2.2_MPIG041570.1	33.708	89	50	2	338	417	342	430	0.26	33.5
sp|Q9FT81|TT8_ARATH	Gelse_mpi.v2.1_MPIG006840.2	25.984	127	85	5	365	488	1	121	0.27	32.3
sp|Q9FT81|TT8_ARATH	Gelse_mpi.v2.6_MPIG009510.1	28.571	49	35	0	369	417	221	269	0.29	33.5
sp|Q9FT81|TT8_ARATH	Gelse_mpi.v2.1_MPIG004550.1	30.303	66	38	2	353	415	77	137	0.36	32.7
sp|Q9FT81|TT8_ARATH	Gelse_mpi.v2.8_MPIG013220.1	22.751	189	96	9	20	201	6	151	0.37	33.1
sp|Q9FT81|TT8_ARATH	Gelse_mpi.v2.1_MPIG031690.8	30.159	63	43	1	358	419	348	410	0.37	33.1
sp|Q9FT81|TT8_ARATH	Gelse_mpi.v2.4_MPIG027330.1	31.111	45	31	0	371	415	156	200	0.38	32.7
sp|Q9FT81|TT8_ARATH	Gelse_mpi.v2.1_MPIG044680.1	24.590	61	44	1	371	431	287	345	0.48	32.7
sp|Q9FT81|TT8_ARATH	Gelse_mpi.v2.5_MPIG034870.2	24.194	62	47	0	358	419	369	430	0.51	32.7
sp|Q9FT81|TT8_ARATH	Gelse_mpi.v2.8_MPIG017480.1	27.957	93	65	2	322	412	79	171	0.57	32.0
sp|Q9FT81|TT8_ARATH	Gelse_mpi.v2.1_MPIG022670.1	26.087	46	34	0	370	415	262	307	0.66	32.0
sp|Q9FT81|TT8_ARATH	Gelse_mpi.v2.1_MPIG004540.2	25.714	70	44	2	350	416	65	129	0.69	32.0
sp|Q9FT81|TT8_ARATH	Gelse_mpi.v2.3_MPIG014120.3	31.481	54	36	1	366	418	370	423	0.71	32.3
sp|Q9FT81|TT8_ARATH	Gelse_mpi.v2.5_MPIG004870.2	33.333	39	25	1	19	56	4	42	0.83	32.3
sp|Q9FT81|TT8_ARATH	Gelse_mpi.v2.5_MPIG031590.2	34.783	46	29	1	371	415	199	244	0.93	31.6
sp|Q9FT81|TT8_ARATH	Gelse_mpi.v2.5_MPIG003130.1	25.000	56	42	0	363	418	64	119	2.7	29.6
sp|Q9FT81|TT8_ARATH	Gelse_mpi.v2.5_MPIG032600.2	23.684	152	96	5	368	511	17	156	3.1	29.3
sp|Q9FT81|TT8_ARATH	Gelse_mpi.v2.3_MPIG013150.1	29.524	105	66	2	319	417	29	131	3.4	29.6
sp|Q9FT81|TT8_ARATH	Gelse_mpi.v2.5_MPIG032640.1	23.684	152	96	5	368	511	17	156	3.9	29.3
sp|Q9FT81|TT8_ARATH	Gelse_mpi.v2.8_MPIG010350.2	31.373	51	34	1	366	415	339	389	4.5	29.6
sp|Q9FT81|TT8_ARATH	Gelse_mpi.v2.2_MPIG008880.1	27.083	48	35	0	368	415	275	322	4.8	29.3
sp|Q9FT81|TT8_ARATH	Gelse_mpi.v2.3_MPIG003920.4	25.532	47	35	0	130	176	231	277	8.7	28.9
